AVERAGE VALUES : 
PE = 627.7733333333334 +/- 2.483333333333333 
KE = 426.1055555555556 +/- 1.2623333333333333 
g_im = 0.28172222222222226 +/- 0.011197258495451027 
Dens = 0.15709888888888887 +/- 0.0016231677777777777