AVERAGE VALUES : 
PE = 88.56277272727272 +/- 0.23104545454545458 
KE = 56.55536363636364 +/- 0.08129545454545456 
g_im = 0.1919245454545455 +/- 0.0023972195897773315 
Dens = 0.17159 +/- 0.0003720872727272727