AVERAGE VALUES : 
PE = 199.2133333333333 +/- 0.5941428571428572 
KE = 126.52714285714286 +/- 0.16776190476190475 
g_im = 0.10760314285714287 +/- 0.0022827674293670864 
Dens = 0.16501190476190475 +/- 0.0004763414285714286