AVERAGE VALUES : 
PE = 1244.9444444444446 +/- 15.556111111111111 
KE = 923.1583333333333 +/- 5.005 
g_im = 0.06891822222222223 +/- 0.0043993820814618645 
Dens = 0.13964999999999997 +/- 0.006622699999999999