AVERAGE VALUES : 
PE = 897.594 +/- 3.151 
KE = 474.43199999999996 +/- 1.0709 
g_im = 0.20403599999999997 +/- 0.017329580930462402 
Dens = 0.20105 +/- 0.0033979999999999995