AVERAGE VALUES : 
PE = 894.3924999999999 +/- 3.7375 
KE = 468.105 +/- 1.0550000000000002 
g_im = 0.1332075 +/- 0.009905925000000001 
Dens = 0.200515 +/- 0.00399445