AVERAGE VALUES : 
PE = 887.558 +/- 2.7619999999999996 
KE = 460.44800000000004 +/- 0.7630000000000001 
g_im = 0.0626814 +/- 0.0031372111820763627 
Dens = 0.199724 +/- 0.00233168