AVERAGE VALUES : 
PE = 586.932 +/- 1.834 
KE = 392.894 +/- 0.5221 
g_im = 0.012754999999999999 +/- 0.0003613577685197882 
Dens = 0.15192999999999998 +/- 0.00161334