AVERAGE VALUES : 
PE = 896.708 +/- 2.7900000000000005 
KE = 459.436 +/- 0.6759999999999999 
g_im = 0.029670799999999997 +/- 0.0014970000000000007 
Dens = 0.201412 +/- 0.0027105799999999998