AVERAGE VALUES : 
PE = 603.048947368421 +/- 2.1510526315789478 
KE = 412.48421052631585 +/- 1.0895263157894737 
g_im = 0.1511084210526316 +/- 0.0024964042198123587 
Dens = 0.1529494736842105 +/- 0.0018951368421052633