AVERAGE VALUES : 
PE = 618.9777272727274 +/- 1.8081818181818186 
KE = 414.0949999999999 +/- 0.7495909090909091 
g_im = 0.11561759090909093 +/- 0.004456858431076938 
Dens = 0.15580545454545455 +/- 0.0013048077272727273