AVERAGE VALUES : 
PE = 173.15857142857143 +/- 0.5848571428571429 
KE = 116.4221428571429 +/- 0.1252857142857143 
g_im = 0.027701999999999987 +/- 0.00023731208407535263 
Dens = 0.15197785714285714 +/- 0.00053162