AVERAGE VALUES : 
PE = 161.693 +/- 0.5793999999999999 
KE = 115.607 +/- 0.16910000000000003 
g_im = 0.058248 +/- 0.001675240878838667 
Dens = 0.14494999999999997 +/- 0.0007820799999999999