AVERAGE VALUES : 
PE = 158.93714285714285 +/- 0.5267142857142858 
KE = 113.95285714285716 +/- 0.12142857142857143 
g_im = 0.04160014285714286 +/- 0.00034918236032019693 
Dens = 0.14324857142857142 +/- 0.00031242999999999993