AVERAGE VALUES : 
PE = 159.192 +/- 0.6664000000000001 
KE = 115.83 +/- 0.23490000000000003 
g_im = 0.07870160000000001 +/- 0.0029001906205899913 
Dens = 0.14332299999999998 +/- 0.0010542770000000002