AVERAGE VALUES : 
PE = 158.902 +/- 0.6467 
KE = 116.426 +/- 0.23360000000000003 
g_im = 0.10196000000000001 +/- 0.004965513109584964 
Dens = 0.14169 +/- 0.0011851849999999998