AVERAGE VALUES : 
PE = 168.8625 +/- 0.597625 
KE = 115.79999999999998 +/- 0.135125 
g_im = 0.0304605 +/- 0.00028225585668059146 
Dens = 0.14952 +/- 0.00053004