AVERAGE VALUES : 
PE = 201.28727272727272 +/- 0.5507272727272728 
KE = 129.32454545454542 +/- 0.17795454545454545 
g_im = 0.18177954545454544 +/- 0.0027070912252318267 
Dens = 0.1658990909090909 +/- 0.00044023