AVERAGE VALUES : 
PE = 1244.4000000000003 +/- 49.849999999999994 
KE = 945.6038888888888 +/- 18.78333333333334 
g_im = 0.2935816666666667 +/- 0.006047787867530787 
Dens = 0.13875500000000002 +/- 0.007673483333333332