AVERAGE VALUES : 
PE = 1311.3894736842103 +/- 38.0421052631579 
KE = 963.7057894736841 +/- 14.263684210526316 
g_im = 0.3059889473684211 +/- 0.00524474463908703 
Dens = 0.14386526315789475 +/- 0.0064040368421052615