AVERAGE VALUES : 
PE = 200.29318181818178 +/- 0.5881818181818181 
KE = 128.00318181818182 +/- 0.17918181818181814 
g_im = 0.1469818181818182 +/- 0.0024031877662752995 
Dens = 0.16547636363636362 +/- 0.0004476872727272727