AVERAGE VALUES : 
PE = 24.417219999999997 +/- 0.25512 
KE = 15.389660000000008 +/- 0.08299200000000002 
g_im = 0.09879118 +/- 0.0018908499999999997 
Dens = 0.16157180000000002 +/- 0.0019480359999999991