AVERAGE VALUES : 
PE = 25.57226086956522 +/- 0.23945652173913046 
KE = 15.512086956521735 +/- 0.0677282608695652 
g_im = 0.08327617391304344 +/- 0.0013473126086956525 
Dens = 0.16766934782608706 +/- 0.0015314904347826092