AVERAGE VALUES : 
PE = 87.48740909090908 +/- 0.2176818181818182 
KE = 55.58918181818183 +/- 0.07142727272727273 
g_im = 0.16320818181818184 +/- 0.002461398835310703 
Dens = 0.1699540909090909 +/- 0.0003558536363636365