AVERAGE VALUES : 
PE = 620.3477777777778 +/- 2.13 
KE = 421.07 +/- 1.0935555555555556 
g_im = 0.2461122222222222 +/- 0.011521118463097915 
Dens = 0.15588333333333332 +/- 0.0013712077777777779