AVERAGE VALUES : 
PE = 73.0315 +/- 0.19083333333333333 
KE = 49.272166666666664 +/- 0.045750000000000006 
g_im = 0.05091816666666666 +/- 0.0002674383060196992 
Dens = 0.15154333333333334 +/- 0.0002932166666666667