AVERAGE VALUES : 
PE = 67.46914285714286 +/- 0.20957142857142858 
KE = 48.403428571428584 +/- 0.06075714285714286 
g_im = 0.0749827142857143 +/- 0.0004863732988537039 
Dens = 0.14322 +/- 0.00028856285714285715