AVERAGE VALUES : 
PE = 62.86944444444444 +/- 0.17355555555555557 
KE = 47.87177777777779 +/- 0.054622222222222225 
g_im = 0.09913633333333334 +/- 0.0005921171973635124 
Dens = 0.13679666666666665 +/- 0.0002413966666666667