AVERAGE VALUES : 
PE = 62.062 +/- 0.1578 
KE = 48.002900000000004 +/- 0.05861999999999999 
g_im = 0.121726 +/- 0.000955947010024789 
Dens = 0.13539099999999998 +/- 0.000276781