AVERAGE VALUES : 
PE = 627.929090909091 +/- 1.7868181818181816 
KE = 410.99318181818177 +/- 0.5976363636363637 
g_im = 0.03891359090909091 +/- 0.0015045857300057949 
Dens = 0.15770454545454546 +/- 0.001263560909090909