AVERAGE VALUES : 
PE = 602.4364705882354 +/- 4.267647058823529 
KE = 418.6270588235294 +/- 1.7582352941176471 
g_im = 0.2436141176470589 +/- 0.003309774949719322 
Dens = 0.1521129411764706 +/- 0.0030591882352941175