AVERAGE VALUES : 
PE = 628.1772727272727 +/- 2.0677272727272733 
KE = 422.47136363636366 +/- 1.0087272727272727 
g_im = 0.21215636363636367 +/- 0.003546187379635174 
Dens = 0.15726000000000004 +/- 0.0016406713636363632