AVERAGE VALUES : 
PE = 1220.4842105263156 +/- 32.363157894736844 
KE = 926.3631578947367 +/- 11.25421052631579 
g_im = 0.15155305263157898 +/- 0.004522618507883698 
Dens = 0.1375368421052632 +/- 0.009038547368421052