AVERAGE VALUES : 
PE = 86.58372727272727 +/- 0.2217272727272728 
KE = 54.4305 +/- 0.06710909090909091 
g_im = 0.11857999999999999 +/- 0.0022230834847332065 
Dens = 0.16883772727272725 +/- 0.00034616545454545456