AVERAGE VALUES : 
PE = 623.8036363636364 +/- 1.8218181818181818 
KE = 412.23909090909086 +/- 0.6418181818181818 
g_im = 0.06867368181818183 +/- 0.002317984926494073 
Dens = 0.1569127272727273 +/- 0.0012263327272727274